1,0
0.99802,0.062958
0.99207,0.12567
0.98219,0.18788
0.96842,0.24934
0.9508,0.30982
0.9294,0.36906
0.90433,0.42684
0.87566,0.48293
0.84352,0.5371
0.80803,0.58914
0.76933,0.63885
0.72759,0.68602
0.68295,0.73046
0.63561,0.77201
0.58574,0.8105
0.53355,0.84577
0.47925,0.87768
0.42304,0.90611
0.36515,0.93095
0.30582,0.95209
0.24527,0.96946
0.18375,0.98297
0.1215,0.99259
0.058762,0.99827
-0.0042037,0.99999
-0.067153,0.99774
-0.12984,0.99154
-0.192,0.98139
-0.25341,0.96736
-0.31381,0.94949
-0.37297,0.92784
-0.43064,0.90252
-0.48661,0.87362
-0.54065,0.84125
-0.59254,0.80554
-0.64208,0.76664
-0.68907,0.7247
-0.73333,0.67988
-0.77468,0.63236
-0.81295,0.58233
-0.848,0.52999
-0.87969,0.47555
-0.90788,0.41923
-0.93247,0.36124
-0.95337,0.30181
-0.97048,0.24119
-0.98374,0.17961
-0.99309,0.11732
-0.99851,0.054566
-0.99996,-0.0084072
-0.99745,-0.071347
-0.99098,-0.134
-0.98058,-0.19613
-0.96629,-0.25747
-0.94816,-0.3178
-0.92627,-0.37686
-0.9007,-0.43443
-0.87157,-0.49028
-0.83897,-0.54418
-0.80305,-0.59592
-0.76393,-0.64529
-0.72179,-0.69211
-0.67679,-0.73618
-0.6291,-0.77733
-0.57891,-0.81539
-0.52642,-0.85022
-0.47185,-0.88168
-0.41541,-0.90964
-0.35731,-0.93398
-0.2978,-0.95463
-0.23711,-0.97148
-0.17548,-0.98448
-0.11315,-0.99358
-0.050368,-0.99873
0.012611,-0.99992
0.075539,-0.99714
0.13817,-0.99041
0.20025,-0.97975
0.26153,-0.96519
0.32178,-0.94681
0.38075,-0.92468
0.43821,-0.89887
0.49394,-0.8695
0.5477,-0.83668
0.59929,-0.80053
0.6485,-0.76122
0.69514,-0.71888
0.73902,-0.67369
0.77997,-0.62582
0.81782,-0.57548
0.85243,-0.52285
0.88365,-0.46814
0.91137,-0.41158
0.93548,-0.35338
0.95587,-0.29379
0.97247,-0.23302
0.98521,-0.17134
0.99405,-0.10897
0.99893,-0.046169
0,-0
0.01,-0.03
0.02,-0.06
0.03,-0.09
0.04,-0.12
0.05,-0.15
0.06,-0.18
0.07,-0.21
0.08,-0.24
0.09,-0.27
0.1,-0.3
0.11,-0.33
0.12,-0.36
0.13,-0.39
0.14,-0.42
0.15,-0.45
0.16,-0.48
0.17,-0.51
0.18,-0.54
0.19,-0.57
0.2,-0.6
0.21,-0.63
0.22,-0.66
0.23,-0.69
0.24,-0.72
0.25,-0.75
0,0
0.025,0.0125
0.05,0.025
0.075,0.0375
0.1,0.05
0.125,0.0625
0.15,0.075
0.175,0.0875
0.2,0.1
0.225,0.1125
0.25,0.125
0.275,0.1375
0.3,0.15
0.325,0.1625
0.35,0.175
0.375,0.1875
0.4,0.2
0.425,0.2125
0.45,0.225
0.475,0.2375
0.5,0.25
