1.5741401
1.37614
-0.23832148
0.98449268
0.75312588
-0.15408082
0.97524455
0.70707024
1.0215559
0.085921679
0.77029754
1.296357
1.0384464
0.81450622
1.2623714
1.3919102
1.4044515
-0.2680773
1.1680585
0.35562972
0.90796285
1.2285246
0.62820389
0.25583993
0.40455449
0.66012692
0.11646598
0.46355054
1.0554559
0.55088835
1.0285896
0.73738497
0.32794954
0.059509575
-0.33241807
1.2192701
0.30555368
0.18610408
0.96858659
0.25132006
-0.090703365
0.97578413
-0.072113589
0.59248181
0.63829703
1.1658574
0.11763925
0.91520878
0.2648893
0.74588648
1.30865
1.1279281
0.8329312
0.10567458
1.2519143
0.10988691
0.91423961
0.26826101
1.4362703
1.444866
-0.51678192
0.91193491
0.70654982
0.52930241
-0.47732121
1.3764659
0.87020095
1.1317711
-0.34578805
1.1283771
1.356671
1.0888887
-0.44222048
0.96054221
1.2935407
0.84024735
0.16693855
-0.40517109
-0.036927834
-0.52655295
-0.52640264
-0.5264023
-1.0000088
-0.52640264
0.80115007
-0.52640232
-0.52640272
-0.52578148
-0.50549867
-0.52644924
-0.61678894
-0.1656914
-0.46508537
-0.52640264
-1.1078278
-0.52759857
-1.1491584
-0.43150377
-0.31150389
-0.52640135
-0.52640341
-0.52640296
-0.52673585
-0.54030802
-0.52640333
-0.52640264
-0.52640264
-0.52640761
-0.52640265
-0.52640237
-0.52771476
-0.96318338
-0.52645084
-0.53496897
-0.52640264
-0.52640264
-0.5259602
-0.52719392
-0.54074233
-0.52640267
-0.52640264
-0.52661089
-0.52640264
-0.52640579
