0.98626527
1.334638
0.50161925
1.3439608
1.4594535
0.60553012
1.2369654
0.5415994
0.1353946
0.55945173
0.0334351
0.6825923
0.20845487
1.2044191
0.64949333
0.30667264
0.95008103
1.3512289
1.2945511
1.3630168
1.2253986
1.1938248
0.93752757
1.3595291
1.0178854
0.82555167
0.60740448
0.92885632
1.2667467
0.87840107
0.30626008
0.75047197
1.4348631
1.4695895
0.45297646
1.4432041
0.94952823
1.5793932
1.3482532
1.7665321
0.69573315
0.13310826
1.0833533
1.5332233
0.73476613
1.3108825
0.67852979
1.2101557
1.2673949
0.96756832
0.42182704
1.4673918
1.5104825
1.4512078
1.1873505
1.2634536
1.1275631
0.3694809
1.2437632
1.2066223
2.1353568
1.3742337
0.17345129
1.0282986
1.1439504
1.3368439
1.449877
1.4582856
1.627531
1.5098408
1.2600548
0.75660735
0.5533561
1.2753209
1.311763
0.92741473
0.65696472
1.7719195
0.78083182
-1.8497515
-0.19026144
0.14013853
-1.9080121
0.072811892
0.45891778
-0.059877246
-4.2175612
-0.2514883
0.88029979
-0.81240109
-1.4853293
-0.91107451
0.37588648
-0.87134124
-1.279799
-1.7613882
-1.1137133
0.60128646
1.3282034
0.78399716
-0.98787265
-0.1197092
-1.8112786
-1.2024094
-0.85241335
-2.6496654
-3.0026026
1.3765565
-2.6295992
0.34251323
-2.1103624
-1.5133962
-1.9099237
1.9066065
0.13766111
-0.36585881
0.22595474
-2.4084143
-2.1729927
-3.3913513
-1.1418771
-1.093045
-0.76036962
-0.90873833
