1.2400274
-0.048480021
-0.62673167
0.86913378
1.1516647
-1.1911697
-1.1046067
0.73195352
-1.4645842
-0.6837977
0.91645811
-1.1702225
-1.3376246
0.69386624
-1.5170388
-1.4891639
-0.32045274
1.053311
-0.48315307
1.2174529
-0.38141803
-0.051031497
-0.21371636
0.085704567
1.0207025
-1.2432424
-0.79247449
-0.75198134
0.92447231
1.1160639
1.0609344
0.80848582
1.1248327
-0.21985235
-0.36832498
-1.3268441
-0.17717694
-1.1656149
1.3079839
-1.1695028
0.038989033
-0.41343783
0.40727776
-1.4851389
0.55053692
-0.29703528
-0.86793754
-1.4073815
1.0331772
1.4105273
1.1797181
0.37845112
1.0086188
-1.3862103
-1.683669
1.245242
0.085829663
-0.050157202
-1.395402
1.0276763
0.3853035
1.3534907
-1.3734442
0.18405887
0.35108792
1.0937771
0.39796178
-0.13713832
-1.1984346
-0.89742225
1.0938792
-1.3602932
0.71007707
0.67108365
1.1416746
0.80408159
-1.3905865
1.0469509
-0.41190263
-0.65902974
0.410028
-0.1443599
0.27020392
-0.75346813
0.79013779
0.67439692
-1.2961855
-0.92419491
-1.1791624
-0.58068857
-1.2233129
0.36897676
1.0282968
1.3282101
0.75632379
1.2019064
-1.3050358
-0.96325126
-0.14265494
1.1008148
-1.4630083
-0.57115557
1.1093648
-0.23406509
-1.4684273
-0.42143462
-0.21157585
1.3865237
-0.28944655
-0.27559929
-0.91379107
-0.63044958
0.94356715
0.18396794
0.027639949
-1.3035788
-0.16755905
-1.3556792
-0.2799005
-1.3283794
-1.3371238
-0.3706807
0.32477366
-1.3568037
-1.6009338
0.01855902
-0.12907171
-1.1140664
0.87739429
-0.066619074
-1.6667728
-0.55460909
-1.2555405
1.2603279
-1.1227466
1.1925547
-1.4706661
-1.3037651
-1.2754081
-0.59205501
0.82561953
-1.4105273
-1.2217601
-0.55111936
0.26923559
0.27351762
-0.24836014
-1.1450911
-1.2603805
0.91377595
1.2225663
-0.19746943
0.01998363
-1.1377247
0.27907294
0.66581402
-0.61446283
1.0971197
-1.0813875
-1.3764702
0.84590749
1.0218659
-1.5607042
1.0104413
-1.3769668
-0.64268433
0.0582968
-1.4805172
0.31558409
-0.68469046
-0.43505905
0.58948515
-0.55042298
0.064802303
0.35460226
-0.75616966
-1.0074742
1.1131663
-1.5843208
0.89448566
1.0893381
0.53690545
-0.59154566
-0.60857847
-0.49345042
0.88955166
0.0069066302
0.53646884
0.33828655
-1.5560668
0.90160291
-0.12337106
-0.85070058
-1.1747713
0.42970812
-1.0701372
0.046069341
-1.3075632
-0.10846349
0.42197555
