1.1856332
1.1521631
1.1190171
1.0883852
1.0617506
1.0399229
1.0231698
1.0113803
1.0039074
0.99999993
0.99874595
0.9992638
1.0007624
1.0025112
1.0041234
1.0052547
1.0057826
1.005714
1.0051419
1.0042385
1.0031524
1.0020648
1.0010696
1.0003427
0.99996215
1.0000552
1.0007645
1.0023232
1.0049593
1.0091114
1.0151979
1.0237407
1.0353478
1.0506128
1.0700904
1.0942579
1.1234669
1.1578446
1.1972723
1.241309
1.2891503
1.3396253
1.3911365
1.4416586
1.488831
1.5299592
1.5620557
1.5820335
1.5867641
1.5733014
1.5389229
1.4814396
1.3992285
1.2914287
1.1580665
1
0.81912663
0.61811826
0.40054412
0.17048534
-0.067384735
-0.30826028
-0.54715406
-0.77926934
-1.0001577
-1.2057566
-1.3925503
-1.557541
-1.6983477
-1.8131255
-1.9004309
-1.9592735
-1.9889887
-1.989209
-1.9598603
-1.9011667
-1.8137149
-1.6984983
-1.5570478
-1.3914837
-1.2045045
-0.99956913
-0.7807455
-0.55264411
-0.32043906
-0.089422896
0.13500258
0.34770421
0.54398197
0.7198917
0.87236215
0.9994529
1.100266
1.1751638
1.2254985
1.2535129
1.2622421
1.255205
1.2361751
1.2088299
-1.6239209
-1.6734747
-1.7178171
-1.7568983
-1.7907029
-1.819249
-1.8425866
-1.8607963
-1.8739865
-1.8822918
-1.8858701
-1.8848999
-1.8795779
-1.8701157
-1.8567366
-1.8396734
-1.8191645
-1.7954527
-1.7687807
-1.7393895
-1.7075163
-1.673392
-1.6372389
-1.5992709
-1.5596892
-1.5186851
-1.6239209
-1.6307219
-1.6314518
-1.6260063
-1.6143094
-1.5963139
-1.572003
-1.5413904
-1.5045216
-1.4614737
-1.4123557
-1.3573087
-1.2965051
-1.2301483
-1.1584718
-1.081738
-1.0002374
-0.91428616
-0.82422545
-0.73041806
-0.63324778
